index,amount of compares,size of array
0,0,0
1,0,1
2,1,2
3,3,3
4,6,4
5,10,5
6,15,6
7,21,7
8,28,8
9,36,9
10,45,10
11,55,11
12,66,12
13,78,13
14,91,14
15,105,15
16,120,16
17,136,17
18,153,18
19,171,19
20,190,20
21,210,21
22,231,22
23,253,23
24,276,24
25,300,25
26,325,26
27,351,27
28,378,28
29,406,29
30,435,30
31,465,31
32,496,32
33,528,33
34,561,34
35,595,35
36,630,36
37,666,37
38,703,38
39,741,39
40,780,40
41,820,41
42,861,42
43,903,43
44,946,44
45,990,45
46,1035,46
47,1081,47
48,1128,48
49,1176,49
50,1225,50
51,1275,51
52,1326,52
53,1378,53
54,1431,54
55,1485,55
56,1540,56
57,1596,57
58,1653,58
59,1711,59
60,1770,60
61,1830,61
62,1891,62
63,1953,63
64,2016,64
65,2080,65
66,2145,66
67,2211,67
68,2278,68
69,2346,69
70,2415,70
71,2485,71
72,2556,72
73,2628,73
74,2701,74
75,2775,75
76,2850,76
77,2926,77
78,3003,78
79,3081,79
80,3160,80
81,3240,81
82,3321,82
83,3403,83
84,3486,84
85,3570,85
86,3655,86
87,3741,87
88,3828,88
89,3916,89
90,4005,90
91,4095,91
92,4186,92
93,4278,93
94,4371,94
95,4465,95
96,4560,96
97,4656,97
98,4753,98
99,4851,99
100,4950,100
101,5050,101
102,5151,102
103,5253,103
104,5356,104
105,5460,105
106,5565,106
107,5671,107
108,5778,108
109,5886,109
110,5995,110
111,6105,111
112,6216,112
113,6328,113
114,6441,114
115,6555,115
116,6670,116
117,6786,117
118,6903,118
119,7021,119
120,7140,120
121,7260,121
122,7381,122
123,7503,123
124,7626,124
125,7750,125
126,7875,126
127,8001,127
128,8128,128
129,8256,129
130,8385,130
131,8515,131
132,8646,132
133,8778,133
134,8911,134
135,9045,135
136,9180,136
137,9316,137
138,9453,138
139,9591,139
140,9730,140
141,9870,141
142,10011,142
143,10153,143
144,10296,144
145,10440,145
146,10585,146
147,10731,147
148,10878,148
149,11026,149
150,11175,150
151,11325,151
152,11476,152
153,11628,153
154,11781,154
155,11935,155
156,12090,156
157,12246,157
158,12403,158
159,12561,159
160,12720,160
161,12880,161
162,13041,162
163,13203,163
164,13366,164
165,13530,165
166,13695,166
167,13861,167
168,14028,168
169,14196,169
170,14365,170
171,14535,171
172,14706,172
173,14878,173
174,15051,174
175,15225,175
176,15400,176
177,15576,177
178,15753,178
179,15931,179
180,16110,180
181,16290,181
182,16471,182
183,16653,183
184,16836,184
185,17020,185
186,17205,186
187,17391,187
188,17578,188
189,17766,189
190,17955,190
191,18145,191
192,18336,192
193,18528,193
194,18721,194
195,18915,195
196,19110,196
197,19306,197
198,19503,198
199,19701,199
200,19900,200
201,20100,201
202,20301,202
203,20503,203
204,20706,204
205,20910,205
206,21115,206
207,21321,207
208,21528,208
209,21736,209
210,21945,210
211,22155,211
212,22366,212
213,22578,213
214,22791,214
215,23005,215
216,23220,216
217,23436,217
218,23653,218
219,23871,219
220,24090,220
221,24310,221
222,24531,222
223,24753,223
224,24976,224
225,25200,225
226,25425,226
227,25651,227
228,25878,228
229,26106,229
230,26335,230
231,26565,231
232,26796,232
233,27028,233
234,27261,234
235,27495,235
236,27730,236
237,27966,237
238,28203,238
239,28441,239
240,28680,240
241,28920,241
242,29161,242
243,29403,243
244,29646,244
245,29890,245
246,30135,246
247,30381,247
248,30628,248
249,30876,249
250,31125,250
251,31375,251
252,31626,252
253,31878,253
254,32131,254
255,32385,255
256,32640,256
257,32896,257
258,33153,258
259,33411,259
260,33670,260
261,33930,261
262,34191,262
263,34453,263
264,34716,264
265,34980,265
266,35245,266
267,35511,267
268,35778,268
269,36046,269
270,36315,270
271,36585,271
272,36856,272
273,37128,273
274,37401,274
275,37675,275
276,37950,276
277,38226,277
278,38503,278
279,38781,279
280,39060,280
281,39340,281
282,39621,282
283,39903,283
284,40186,284
285,40470,285
286,40755,286
287,41041,287
288,41328,288
289,41616,289
290,41905,290
291,42195,291
292,42486,292
293,42778,293
294,43071,294
295,43365,295
296,43660,296
297,43956,297
298,44253,298
299,44551,299
300,44850,300
301,45150,301
302,45451,302
303,45753,303
304,46056,304
305,46360,305
306,46665,306
307,46971,307
308,47278,308
309,47586,309
310,47895,310
311,48205,311
312,48516,312
313,48828,313
314,49141,314
315,49455,315
316,49770,316
317,50086,317
318,50403,318
319,50721,319
320,51040,320
321,51360,321
322,51681,322
323,52003,323
324,52326,324
325,52650,325
326,52975,326
327,53301,327
328,53628,328
329,53956,329
330,54285,330
331,54615,331
332,54946,332
333,55278,333
334,55611,334
335,55945,335
336,56280,336
337,56616,337
338,56953,338
339,57291,339
340,57630,340
341,57970,341
342,58311,342
343,58653,343
344,58996,344
345,59340,345
346,59685,346
347,60031,347
348,60378,348
349,60726,349
350,61075,350
351,61425,351
352,61776,352
353,62128,353
354,62481,354
355,62835,355
356,63190,356
357,63546,357
358,63903,358
359,64261,359
360,64620,360
361,64980,361
362,65341,362
363,65703,363
364,66066,364
365,66430,365
366,66795,366
367,67161,367
368,67528,368
369,67896,369
370,68265,370
371,68635,371
372,69006,372
373,69378,373
374,69751,374
375,70125,375
376,70500,376
377,70876,377
378,71253,378
379,71631,379
380,72010,380
381,72390,381
382,72771,382
383,73153,383
384,73536,384
385,73920,385
386,74305,386
387,74691,387
388,75078,388
389,75466,389
390,75855,390
391,76245,391
392,76636,392
393,77028,393
394,77421,394
395,77815,395
396,78210,396
397,78606,397
398,79003,398
399,79401,399
400,79800,400
401,80200,401
402,80601,402
403,81003,403
404,81406,404
405,81810,405
406,82215,406
407,82621,407
408,83028,408
409,83436,409
410,83845,410
411,84255,411
412,84666,412
413,85078,413
414,85491,414
415,85905,415
416,86320,416
417,86736,417
418,87153,418
419,87571,419
420,87990,420
421,88410,421
422,88831,422
423,89253,423
424,89676,424
425,90100,425
426,90525,426
427,90951,427
428,91378,428
429,91806,429
430,92235,430
431,92665,431
432,93096,432
433,93528,433
434,93961,434
435,94395,435
436,94830,436
437,95266,437
438,95703,438
439,96141,439
440,96580,440
441,97020,441
442,97461,442
443,97903,443
444,98346,444
445,98790,445
446,99235,446
447,99681,447
448,100128,448
449,100576,449
450,101025,450
451,101475,451
452,101926,452
453,102378,453
454,102831,454
455,103285,455
456,103740,456
457,104196,457
458,104653,458
459,105111,459
460,105570,460
461,106030,461
462,106491,462
463,106953,463
464,107416,464
465,107880,465
466,108345,466
467,108811,467
468,109278,468
469,109746,469
470,110215,470
471,110685,471
472,111156,472
473,111628,473
474,112101,474
475,112575,475
476,113050,476
477,113526,477
478,114003,478
479,114481,479
480,114960,480
481,115440,481
482,115921,482
483,116403,483
484,116886,484
485,117370,485
486,117855,486
487,118341,487
488,118828,488
489,119316,489
490,119805,490
491,120295,491
492,120786,492
493,121278,493
494,121771,494
495,122265,495
496,122760,496
497,123256,497
498,123753,498
499,124251,499
500,124750,500
501,125250,501
502,125751,502
503,126253,503
504,126756,504
505,127260,505
506,127765,506
507,128271,507
508,128778,508
509,129286,509
510,129795,510
511,130305,511
512,130816,512
513,131328,513
514,131841,514
515,132355,515
516,132870,516
517,133386,517
518,133903,518
519,134421,519
520,134940,520
521,135460,521
522,135981,522
523,136503,523
524,137026,524
525,137550,525
526,138075,526
527,138601,527
528,139128,528
529,139656,529
530,140185,530
531,140715,531
532,141246,532
533,141778,533
534,142311,534
535,142845,535
536,143380,536
537,143916,537
538,144453,538
539,144991,539
540,145530,540
541,146070,541
542,146611,542
543,147153,543
544,147696,544
545,148240,545
546,148785,546
547,149331,547
548,149878,548
549,150426,549
550,150975,550
551,151525,551
552,152076,552
553,152628,553
554,153181,554
555,153735,555
556,154290,556
557,154846,557
558,155403,558
559,155961,559
560,156520,560
561,157080,561
562,157641,562
563,158203,563
564,158766,564
565,159330,565
566,159895,566
567,160461,567
568,161028,568
569,161596,569
570,162165,570
571,162735,571
572,163306,572
573,163878,573
574,164451,574
575,165025,575
576,165600,576
577,166176,577
578,166753,578
579,167331,579
580,167910,580
581,168490,581
582,169071,582
583,169653,583
584,170236,584
585,170820,585
586,171405,586
587,171991,587
588,172578,588
589,173166,589
590,173755,590
591,174345,591
592,174936,592
593,175528,593
594,176121,594
595,176715,595
596,177310,596
597,177906,597
598,178503,598
599,179101,599
600,179700,600
601,180300,601
602,180901,602
603,181503,603
604,182106,604
605,182710,605
606,183315,606
607,183921,607
608,184528,608
609,185136,609
610,185745,610
611,186355,611
612,186966,612
613,187578,613
614,188191,614
615,188805,615
616,189420,616
617,190036,617
618,190653,618
619,191271,619
620,191890,620
621,192510,621
622,193131,622
623,193753,623
624,194376,624
625,195000,625
626,195625,626
627,196251,627
628,196878,628
629,197506,629
630,198135,630
631,198765,631
632,199396,632
633,200028,633
634,200661,634
635,201295,635
636,201930,636
637,202566,637
638,203203,638
639,203841,639
640,204480,640
641,205120,641
642,205761,642
643,206403,643
644,207046,644
645,207690,645
646,208335,646
647,208981,647
648,209628,648
649,210276,649
650,210925,650
651,211575,651
652,212226,652
653,212878,653
654,213531,654
655,214185,655
656,214840,656
657,215496,657
658,216153,658
659,216811,659
660,217470,660
661,218130,661
662,218791,662
663,219453,663
664,220116,664
665,220780,665
666,221445,666
667,222111,667
668,222778,668
669,223446,669
670,224115,670
671,224785,671
672,225456,672
673,226128,673
674,226801,674
675,227475,675
676,228150,676
677,228826,677
678,229503,678
679,230181,679
680,230860,680
681,231540,681
682,232221,682
683,232903,683
684,233586,684
685,234270,685
686,234955,686
687,235641,687
688,236328,688
689,237016,689
690,237705,690
691,238395,691
692,239086,692
693,239778,693
694,240471,694
695,241165,695
696,241860,696
697,242556,697
698,243253,698
699,243951,699
700,244650,700
701,245350,701
702,246051,702
703,246753,703
704,247456,704
705,248160,705
706,248865,706
707,249571,707
708,250278,708
709,250986,709
710,251695,710
711,252405,711
712,253116,712
713,253828,713
714,254541,714
715,255255,715
716,255970,716
717,256686,717
718,257403,718
719,258121,719
720,258840,720
721,259560,721
722,260281,722
723,261003,723
724,261726,724
725,262450,725
726,263175,726
727,263901,727
728,264628,728
729,265356,729
730,266085,730
731,266815,731
732,267546,732
733,268278,733
734,269011,734
735,269745,735
736,270480,736
737,271216,737
738,271953,738
739,272691,739
740,273430,740
741,274170,741
742,274911,742
743,275653,743
744,276396,744
745,277140,745
746,277885,746
747,278631,747
748,279378,748
749,280126,749
750,280875,750
751,281625,751
752,282376,752
753,283128,753
754,283881,754
755,284635,755
756,285390,756
757,286146,757
758,286903,758
759,287661,759
760,288420,760
761,289180,761
762,289941,762
763,290703,763
764,291466,764
765,292230,765
766,292995,766
767,293761,767
768,294528,768
769,295296,769
770,296065,770
771,296835,771
772,297606,772
773,298378,773
774,299151,774
775,299925,775
776,300700,776
777,301476,777
778,302253,778
779,303031,779
780,303810,780
781,304590,781
782,305371,782
783,306153,783
784,306936,784
785,307720,785
786,308505,786
787,309291,787
788,310078,788
789,310866,789
790,311655,790
791,312445,791
792,313236,792
793,314028,793
794,314821,794
795,315615,795
796,316410,796
797,317206,797
798,318003,798
799,318801,799
800,319600,800
801,320400,801
802,321201,802
803,322003,803
804,322806,804
805,323610,805
806,324415,806
807,325221,807
808,326028,808
809,326836,809
810,327645,810
811,328455,811
812,329266,812
813,330078,813
814,330891,814
815,331705,815
816,332520,816
817,333336,817
818,334153,818
819,334971,819
820,335790,820
821,336610,821
822,337431,822
823,338253,823
824,339076,824
825,339900,825
826,340725,826
827,341551,827
828,342378,828
829,343206,829
830,344035,830
831,344865,831
832,345696,832
833,346528,833
834,347361,834
835,348195,835
836,349030,836
837,349866,837
838,350703,838
839,351541,839
840,352380,840
841,353220,841
842,354061,842
843,354903,843
844,355746,844
845,356590,845
846,357435,846
847,358281,847
848,359128,848
849,359976,849
850,360825,850
851,361675,851
852,362526,852
853,363378,853
854,364231,854
855,365085,855
856,365940,856
857,366796,857
858,367653,858
859,368511,859
860,369370,860
861,370230,861
862,371091,862
863,371953,863
864,372816,864
865,373680,865
866,374545,866
867,375411,867
868,376278,868
869,377146,869
870,378015,870
871,378885,871
872,379756,872
873,380628,873
874,381501,874
875,382375,875
876,383250,876
877,384126,877
878,385003,878
879,385881,879
880,386760,880
881,387640,881
882,388521,882
883,389403,883
884,390286,884
885,391170,885
886,392055,886
887,392941,887
888,393828,888
889,394716,889
890,395605,890
891,396495,891
892,397386,892
893,398278,893
894,399171,894
895,400065,895
896,400960,896
897,401856,897
898,402753,898
899,403651,899
900,404550,900
901,405450,901
902,406351,902
903,407253,903
904,408156,904
905,409060,905
906,409965,906
907,410871,907
908,411778,908
909,412686,909
910,413595,910
911,414505,911
912,415416,912
913,416328,913
914,417241,914
915,418155,915
916,419070,916
917,419986,917
918,420903,918
919,421821,919
920,422740,920
921,423660,921
922,424581,922
923,425503,923
924,426426,924
925,427350,925
926,428275,926
927,429201,927
928,430128,928
929,431056,929
930,431985,930
931,432915,931
932,433846,932
933,434778,933
934,435711,934
935,436645,935
936,437580,936
937,438516,937
938,439453,938
939,440391,939
940,441330,940
941,442270,941
942,443211,942
943,444153,943
944,445096,944
945,446040,945
946,446985,946
947,447931,947
948,448878,948
949,449826,949
950,450775,950
951,451725,951
952,452676,952
953,453628,953
954,454581,954
955,455535,955
956,456490,956
957,457446,957
958,458403,958
959,459361,959
960,460320,960
961,461280,961
962,462241,962
963,463203,963
964,464166,964
965,465130,965
966,466095,966
967,467061,967
968,468028,968
969,468996,969
970,469965,970
971,470935,971
972,471906,972
973,472878,973
974,473851,974
975,474825,975
976,475800,976
977,476776,977
978,477753,978
979,478731,979
980,479710,980
981,480690,981
982,481671,982
983,482653,983
984,483636,984
985,484620,985
986,485605,986
987,486591,987
988,487578,988
989,488566,989
990,489555,990
991,490545,991
992,491536,992
993,492528,993
994,493521,994
995,494515,995
996,495510,996
997,496506,997
998,497503,998
999,498501,999
1000,499500,1000
